image: /home/utry/test1128.pgm
resolution: 0.050000
origin: [-206.250000, -71.050000, 0.0]
negate: 0
occupied_thresh: 0.65
free_thresh: 0.196
